Innovation Statistics (mean, std, RMSE) per measurement:

--- GPS ---
Mean: [ 1.0000e-04 -4.0000e-04  4.0000e-04 -9.0209e+00 -5.9013e+00 -1.1577e+00]
Std:  [2.2000e-03 4.0000e-04 4.0000e-04 8.8660e+00 3.6790e+00 1.5439e+00]
RMSE: [2.20000e-03 6.00000e-04 6.00000e-04 1.26484e+01 6.95410e+00 1.92970e+00]

--- Airdata ---
Mean: [-0.1398  0.0416  0.5311]
Std:  [0.16   0.0587 0.3972]
RMSE: [0.2125 0.072  0.6632]
