Innovation Statistics (mean, std, RMSE) per measurement:

--- GPS ---
Mean: [ 1.0000e-04 -4.0000e-04  4.0000e-04 -8.9060e+00 -6.2075e+00 -1.1649e+00]
Std:  [2.2000e-03 4.0000e-04 4.0000e-04 8.8003e+00 3.8438e+00 1.5579e+00]
RMSE: [2.20000e-03 6.00000e-04 6.00000e-04 1.25205e+01 7.30120e+00 1.94520e+00]

--- Airdata ---
Mean: [0.3786 0.0415 0.53  ]
Std:  [0.431  0.0586 0.3959]
RMSE: [0.5736 0.0718 0.6615]
